0.20847894005296597
0.03427787526685955
0.6378765647119073
0.30879516599974866
0.1329161320823976
0.38585232854073803
0.450598842795499
0.04623570443501501
0.4451265444312519
0.4199284606540854
0.25540224092276786
0.1594754322701113
0.23906210007866224
0.5038359927875197
0.030432863826833523
0.6498934958980708
0.08481092270186952
0.7926283653415446
0.5067790861611372
0.33175844105654095
0.7232482999582863
0.5776364743370007
0.48605070558455077
0.7119254482083579
0.8520934461369762
0.33379133580617526
0.1427734287977338
0.37465865683221866
0.8543156467084357
0.36314343242188685
0.9700817634611493
0.7512400823065379
0.7424987499755449
0.6204048869155283
0.46953435890045603
0.7561128488573992
0.3968155769557351
0.3111521424270106
0.8083115392151866
0.7074568155069642
0.0411743548424659
0.4438370854728677
0.6653918418289942
0.1445903665028746
0.42260050760873746
0.6810870282642867
0.29988484426201767
0.833930482545963
0.0020096003774017213
0.9221271309439584
0.29968195236120054
0.17141127145082613
0.48092272288159366
0.319931115254558
0.7377581601197417
0.11094220262898491
0.28853797092234423
0.7433294935176848
0.35839412696397177
0.8872821545553914
0.04197175665472819
0.43023730580548925
0.514250394582512
